1	1	0	0	1	2	0 0	0 0	0 0	0 0	0 0	0 0	0 0	0 0	0 0	0 0	0 0	0 0	0 0
1	2	0	0	2	1	0 0	0 0	0 0	0 0	0 0	0 0	0 0	0 0	0 0	0 0	0 0	0 0	0 0
1	21	0	0	2	1	0 0	0 0	0 0	0 0	0 0	0 0	0 0	0 0	0 0	0 0	0 0	0 0	0 0
1	5	1	2	1	2	9 1	5 10	4 2	2 3	3 2	3 3	1 3	1 2	7 6	5 5	4 4	2 2	3 3
1	4	1	2	1	1	0 0	0 0	0 0	0 0	0 0	0 0	0 0	0 0	0 0	0 0	0 0	0 0	0 0
1	3	1	2	1	2	0 0	0 0	0 0	0 0	0 0	0 0	0 0	0 0	0 0	0 0	0 0	0 0	0 0
1	6	0	0	2	1	0 0	0 0	0 0	0 0	0 0	0 0	0 0	0 0	0 0	0 0	0 0	0 0	0 0
1	36	0	0	2	1	3 9	6 8	4 4	6 5	1 2	5 2	2 3	2 2	7 6	2 4	8 3	1 3	2 3
1	26	5	21	1	2	9 2	5 6	4 2	2 3	3 2	3 8	1 3	1 2	7 6	5 8	4 5	2 1	3 2
1	25	5	21	2	1	1 2	10 6	2 2	3 3	2 2	3 8	3 3	2 2	6 6	5 8	4 5	2 1	3 2
1	23	5	21	2	2	9 2	5 5	4 4	2 4	3 3	3 2	1 1	1 1	7 6	5 5	4 4	2 1	3 2
1	30	0	0	1	1	0 0	0 0	0 0	0 0	0 0	0 0	0 0	0 0	0 0	0 0	0 0	0 0	0 0
1	22	5	21	2	2	9 2	5 5	4 4	2 4	3 3	3 2	1 1	1 1	7 6	5 5	4 4	2 1	3 2
1	27	0	0	1	1	1 1	2 9	3 4	3 4	3 3	2 3	2 3	1 2	6 3	5 6	6 3	1 2	2 1
1	24	5	21	2	2	9 2	5 6	4 2	2 3	3 2	3 8	1 3	1 2	7 6	5 8	4 5	2 1	3 2
1	32	0	0	1	1	2 2	9 3	4 4	2 5	3 4	2 2	3 3	3 2	6 6	5 5	5 5	1 1	2 2
1	44	26	36	2	2	9 3	5 6	4 4	2 6	3 1	3 5	1 2	1 2	7 7	5 2	4 8	2 1	3 2
1	43	26	36	2	2	9 9	5 8	4 4	2 5	3 2	3 2	1 3	1 2	7 6	5 4	4 3	2 3	3 3
1	42	26	36	2	1	0 0	0 0	0 0	0 0	0 0	0 0	0 0	0 0	0 0	0 0	0 0	0 0	0 0
1	41	26	36	1	2	9 9	5 8	4 4	2 5	3 2	3 2	1 3	1 2	7 6	5 4	4 3	2 3	3 3
1	40	26	36	2	1	3 2	6 6	4 2	6 3	1 2	5 8	2 3	2 2	7 6	2 8	8 5	1 1	2 2
1	39	26	36	1	1	3 2	6 6	4 2	6 3	1 2	5 8	2 3	2 2	7 6	2 8	8 5	1 1	2 2
1	38	26	36	1	2	9 3	5 6	4 4	2 6	3 1	3 5	1 2	1 2	7 7	5 2	4 8	2 1	3 2
1	37	26	36	2	1	3 2	6 6	4 2	6 3	1 2	5 8	2 3	2 2	7 6	2 8	8 5	1 1	2 2
1	31	30	23	1	1	2 9	5 9	4 4	4 3	3 3	2 3	1 3	1 2	6 6	5 4	4 5	1 1	2 2
1	29	27	22	1	1	1 2	9 5	4 4	4 4	3 3	3 2	3 1	2 1	3 6	6 5	3 4	2 1	1 2
1	28	27	22	2	2	9 1	5 2	4 3	2 3	3 3	3 2	1 2	1 1	7 6	5 5	4 6	2 1	3 2
1	35	32	24	1	2	9 2	5 3	4 4	2 5	3 4	3 2	1 3	1 2	7 6	5 5	4 5	2 1	3 2
1	34	32	24	1	2	9 2	5 9	4 4	2 2	3 3	3 2	1 3	1 3	7 6	5 5	4 5	2 1	3 2
1	33	32	24	2	2	9 2	5 3	4 4	2 5	3 4	3 2	1 3	1 2	7 6	5 5	4 5	2 1	3 2
1	14	0	0	1	1	1 2	3 10	4 4	4 4	3 3	3 3	3 1	2 3	6 7	3 5	4 4	4 1	1 2
1	7	3	6	2	2	9 1	5 6	4 6	2 4	3 2	3 2	1 3	1 2	7 7	5 5	4 3	2 1	4 2
1	8	3	6	1	1	0 0	0 0	0 0	0 0	0 0	0 0	0 0	0 0	0 0	0 0	0 0	0 0	0 0
1	9	3	6	2	1	1 4	6 6	6 4	4 6	2 2	2 1	3 4	2 1	7 4	5 1	3 6	1 1	2 2
1	10	3	6	1	1	0 0	0 0	0 0	0 0	0 0	0 0	0 0	0 0	0 0	0 0	0 0	0 0	0 0
1	11	3	6	1	1	0 0	0 0	0 0	0 0	0 0	0 0	0 0	0 0	0 0	0 0	0 0	0 0	0 0
1	12	3	6	1	1	1 4	6 6	6 4	4 6	2 2	2 1	3 4	2 1	7 4	5 1	3 6	1 1	2 2
1	13	3	6	2	2	9 1	5 6	4 6	2 4	3 2	3 2	1 3	1 2	7 7	5 5	4 3	2 1	4 4
1	18	0	0	1	1	5 1	9 5	2 7	6 6	2 2	4 3	3 3	1 2	3 3	5 6	1 4	1 1	3 2
1	15	14	7	2	2	9 2	5 10	4 4	2 4	3 3	3 3	1 1	1 3	7 7	5 5	4 4	2 1	2 2
1	16	14	7	2	1	1 1	6 3	6 4	4 4	2 3	2 3	3 3	2 2	7 6	5 3	3 4	1 4	2 1
1	17	14	7	1	2	0 0	0 0	0 0	0 0	0 0	0 0	0 0	0 0	0 0	0 0	0 0	0 0	0 0
1	19	18	15	1	2	9 5	5 9	4 2	2 6	3 2	3 4	1 3	1 1	7 3	5 5	4 1	2 1	2 3
1	20	18	15	2	2	9 1	5 9	4 2	2 6	3 2	3 4	1 3	1 1	7 3	5 5	4 1	2 1	2 3
1	47	0	0	1	1	0 0	0 0	0 0	0 0	0 0	0 0	0 0	0 0	0 0	0 0	0 0	0 0	0 0
1	46	47	13	2	1	1 8	6 8	6 3	4 5	2 2	2 3	3 3	2 2	7 6	5 6	3 7	1 1	4 5
1	45	47	13	2	2	9 8	5 5	4 4	2 7	3 3	3 4	1 3	1 1	7 4	5 5	3 5	1 1	4 5
